A matrix: 

[[0.2903 0.9596 0.3488 0.0496 0.1767 0.8042 0.2888 0.9747 0.1321 0.5631
  0.4624 0.5459 0.0431 0.0466 0.8004 0.4659 0.9583 0.7508 0.3851 0.8528
  0.8311 0.7193 0.6728 0.9708 0.1757 0.2755 0.5806 0.201  0.8799 0.596 ]
 [0.4407 0.1557 0.31   0.7051 0.3911 0.1196 0.7355 0.3075 0.2584 0.6818
  0.2967 0.1564 0.5397 0.8844 0.1941 0.3018 0.1217 0.8264 0.5557 0.8549
  0.6513 0.8844 0.1302 0.8379 0.3877 0.6149 0.3483 0.9187 0.6081 0.0938]
 [0.873  0.5593 0.7319 0.7532 0.2027 0.5825 0.9559 0.804  0.1235 0.2231
  0.1979 0.8678 0.661  0.783  0.5872 0.1575 0.103  0.5292 0.2678 0.8324
  0.9392 0.6365 0.4501 0.3822 0.3347 0.4862 0.5964 0.5827 0.659  0.5502]
 [0.6853 0.6377 0.257  0.7552 0.9794 0.6629 0.1607 0.8616 0.7153 0.6029
  0.1515 0.8094 0.8273 0.8716 0.682  0.5246 0.0813 0.588  0.866  0.44
  0.8554 0.0948 0.3496 0.6528 0.6007 0.3096 0.7129 0.3983 0.2113 0.095 ]
 [0.5522 0.6248 0.8695 0.195  0.8315 0.7262 0.2655 0.1431 0.4129 0.8032
  0.0737 0.1786 0.4896 0.7802 0.9349 0.1417 0.1344 0.6373 0.4388 0.1517
  0.0029 0.9057 0.283  0.4228 0.9985 0.9338 0.3358 0.8085 0.295  0.6309]
 [0.1624 0.5359 0.1109 0.3263 0.2957 0.6976 0.0826 0.3867 0.671  0.3409
  0.1489 0.9014 0.9083 0.4262 0.4525 0.2919 0.1622 0.3616 0.5306 0.3442
  0.6774 0.0351 0.6924 0.69   0.0437 0.3299 0.602  0.4142 0.4427 0.5933]
 [0.9594 0.3147 0.7407 0.6984 0.5869 0.3321 0.7411 0.2621 0.322  0.1211
  0.3971 0.3276 0.4494 0.0542 0.0997 0.078  0.3532 0.4366 0.1577 0.0464
  0.4272 0.8778 0.4129 0.9089 0.3539 0.002  0.1918 0.2029 0.2165 0.5913]
 [0.8045 0.7804 0.3997 0.2045 0.0362 0.0961 0.3162 0.8658 0.0877 0.042
  0.5395 0.4845 0.2661 0.9683 0.4031 0.1744 0.6428 0.7838 0.3794 0.5672
  0.5997 0.3292 0.989  0.9994 0.3634 0.0491 0.5769 0.7889 0.7166 0.0207]
 [0.9094 0.588  0.4216 0.6361 0.5283 0.3456 0.4758 0.1145 0.1874 0.77
  0.8672 0.2949 0.8314 0.3158 0.3826 0.3068 0.6358 0.7925 0.8628 0.6261
  0.781  0.6113 0.7533 0.7418 0.384  0.7604 0.8864 0.8536 0.9418 0.06  ]
 [0.7814 0.6216 0.4796 0.6121 0.194  0.5439 0.9855 0.9065 0.2847 0.449
  0.8585 0.71   0.4843 0.0808 0.4821 0.2708 0.0951 0.6881 0.1056 0.6083
  0.5772 0.171  0.0955 0.9753 0.1556 0.2388 0.0138 0.2141 0.0045 0.1227]
 [0.0828 0.2609 0.3418 0.7694 0.3412 0.1082 0.7267 0.3937 0.9125 0.4498
  0.5063 0.8933 0.2304 0.3634 0.7043 0.5833 0.1516 0.0443 0.7245 0.8563
  0.3052 0.1801 0.726  0.488  0.8507 0.9702 0.7498 0.2553 0.7956 0.682 ]
 [0.4926 0.4507 0.7549 0.4804 0.9952 0.2596 0.6837 0.3814 0.1919 0.7021
  0.3502 0.4096 0.5487 0.4302 0.8318 0.0778 0.9821 0.3513 0.7996 0.3067
  0.0105 0.8308 0.3641 0.7045 0.0544 0.0987 0.3263 0.44   0.1976 0.4553]
 [0.0326 0.7124 0.7743 0.6505 0.5026 0.2457 0.1632 0.5558 0.7783 0.5962
  0.5911 0.7818 0.4599 0.6529 0.3871 0.2378 0.9399 0.6067 0.0746 0.3189
  0.138  0.8628 0.5612 0.0341 0.1106 0.4291 0.1742 0.458  0.1748 0.6165]
 [0.3314 0.2627 0.6119 0.8726 0.2598 0.3014 0.984  0.5151 0.2556 0.1783
  0.9583 0.2413 0.9842 0.7164 0.8962 0.0392 0.0909 0.1971 0.4724 0.5644
  0.2165 0.5882 0.3086 0.38   0.9365 0.0201 0.8245 0.572  0.8012 0.3791]
 [0.8531 0.1546 0.7181 0.9352 0.8243 0.8657 0.3881 0.4132 0.697  0.8784
  0.7827 0.157  0.068  0.3493 0.5787 0.5974 0.2614 0.9724 0.8784 0.0798
  0.0843 0.0079 0.1025 0.8188 0.6623 0.4095 0.9951 0.0493 0.2242 0.2795]
 [0.2488 0.3389 0.4006 0.6836 0.1815 0.9473 0.0577 0.3768 0.1204 0.0491
  0.0066 0.0098 0.411  0.2185 0.6711 0.0031 0.5779 0.8973 0.6787 0.7279
  0.1777 0.6959 0.908  0.2049 0.1791 0.5731 0.5641 0.3078 0.5817 0.2035]
 [0.7358 0.2327 0.7143 0.74   0.2581 0.5809 0.2793 0.2041 0.0981 0.68
  0.1283 0.3647 0.8907 0.8885 0.2416 0.1836 0.4079 0.2982 0.1272 0.509
  0.1223 0.0022 0.1939 0.3089 0.0987 0.7358 0.9531 0.1034 0.2452 0.5796]
 [0.4614 0.7414 0.4594 0.4205 0.0508 0.6904 0.7919 0.3622 0.7828 0.9478
  0.7993 0.5989 0.6783 0.6808 0.4747 0.0726 0.7764 0.25   0.076  0.1518
  0.4305 0.2141 0.3634 0.9866 0.201  0.4827 0.0626 0.7548 0.0702 0.8356]
 [0.4478 0.1021 0.8923 0.4367 0.4388 0.0619 0.0723 0.9218 0.1905 0.5447
  0.6334 0.5549 0.1497 0.1345 0.474  0.6708 0.8088 0.8646 0.4281 0.7697
  0.686  0.1727 0.731  0.6737 0.9735 0.7111 0.976  0.1879 0.0715 0.7287]
 [0.0989 0.4982 0.5335 0.3525 0.8067 0.376  0.6092 0.2888 0.7958 0.0505
  0.686  0.1535 0.585  0.0917 0.934  0.2913 0.921  0.1708 0.2214 0.4975
  0.3048 0.7852 0.7655 0.4919 0.4899 0.192  0.8551 0.1051 0.6878 0.2675]]
B matrix: 

[[0.6676 0.8381 0.5221 0.5988 0.3655 0.2328 0.315  0.2368 0.3338 0.0415]
 [0.7659 0.7804 0.7553 0.6032 0.9712 0.434  0.4954 0.3262 0.4381 0.3297]
 [0.123  0.7607 0.6642 0.9792 0.0555 0.4309 0.8227 0.876  0.7122 0.9994]
 [0.6497 0.8407 0.4431 0.6972 0.7961 0.2747 0.3823 0.75   0.8543 0.9915]
 [0.9194 0.2834 0.26   0.0183 0.9899 0.6347 0.9162 0.5443 0.6956 0.2504]
 [0.8598 0.1793 0.432  0.8141 0.7521 0.9768 0.7847 0.7878 0.9585 0.8168]
 [0.1309 0.1166 0.7662 0.6476 0.9545 0.1884 0.1439 0.04   0.9775 0.1245]
 [0.293  0.7529 0.5818 0.5879 0.5098 0.3579 0.6795 0.389  0.8475 0.6987]
 [0.6491 0.7761 0.8195 0.6016 0.1927 0.6052 0.7028 0.5382 0.6214 0.729 ]
 [0.0156 0.9884 0.1564 0.7793 0.5944 0.9274 0.8472 0.8094 0.457  0.447 ]
 [0.0159 0.2273 0.1597 0.298  0.3662 0.4672 0.8843 0.4425 0.8047 0.1848]
 [0.5774 0.179  0.9341 0.2492 0.4097 0.8311 0.4833 0.5787 0.6294 0.8437]
 [0.1259 0.6695 0.9354 0.4754 0.6885 0.3473 0.404  0.7539 0.2334 0.1567]
 [0.9572 0.8226 0.0145 0.843  0.5473 0.3905 0.8155 0.5472 0.9467 0.2691]
 [0.7972 0.3394 0.6856 0.6629 0.624  0.8521 0.6517 0.5554 0.3575 0.5005]
 [0.121  0.1849 0.0948 0.5599 0.5386 0.5526 0.0101 0.5968 0.5476 0.0437]
 [0.7974 0.4543 0.891  0.567  0.3928 0.5427 0.6194 0.4831 0.3863 0.6558]
 [0.3841 0.7034 0.8788 0.1121 0.3898 0.9984 0.9679 0.1285 0.3525 0.3747]
 [0.0727 0.8862 0.8529 0.913  0.0737 0.5076 0.0381 0.7896 0.12   0.2225]
 [0.4435 0.0802 0.3379 0.9918 0.3605 0.9997 0.6485 0.6195 0.2252 0.5447]
 [0.1602 0.3884 0.6097 0.9205 0.0145 0.7311 0.0276 0.5075 0.4828 0.5479]
 [0.7257 0.3884 0.2686 0.8499 0.1166 0.9964 0.1461 0.5588 0.8067 0.3013]
 [0.1742 0.2808 0.745  0.2303 0.1462 0.1999 0.2564 0.6956 0.7307 0.9869]
 [0.5413 0.7309 0.0108 0.2612 0.6096 0.7761 0.255  0.3797 0.2131 0.0465]
 [0.2448 0.099  0.779  0.6427 0.8803 0.1974 0.9678 0.9004 0.1702 0.2037]
 [0.9738 0.6609 0.4704 0.7457 0.7454 0.5739 0.9294 0.7456 0.7015 0.7162]
 [0.5204 0.3156 0.2606 0.9868 0.7716 0.9346 0.2986 0.566  0.0012 0.4052]
 [0.9101 0.4871 0.281  0.9084 0.8131 0.7035 0.0073 0.2917 0.9841 0.4599]
 [0.7464 0.9616 0.6831 0.365  0.6725 0.6998 0.5138 0.4606 0.0051 0.6618]
 [0.9233 0.0361 0.7006 0.0198 0.3189 0.1966 0.0448 0.3776 0.1002 0.1779]]

ravel_A3_groups:
Group 0: [0.2903 0.9596 0.3488 0.0496 0.1767 0.8042 0.2888 0.9747 0.1321 0.5631
 0.4407 0.1557 0.31   0.7051 0.3911 0.1196 0.7355 0.3075 0.2584 0.6818
 0.873  0.5593 0.7319 0.7532 0.2027 0.5825 0.9559 0.804  0.1235 0.2231
 0.6853 0.6377 0.257  0.7552 0.9794 0.6629 0.1607 0.8616 0.7153 0.6029
 0.5522 0.6248 0.8695 0.195  0.8315 0.7262 0.2655 0.1431 0.4129 0.8032
 0.1624 0.5359 0.1109 0.3263 0.2957 0.6976 0.0826 0.3867 0.671  0.3409
 0.9594 0.3147 0.7407 0.6984 0.5869 0.3321 0.7411 0.2621 0.322  0.1211
 0.8045 0.7804 0.3997 0.2045 0.0362 0.0961 0.3162 0.8658 0.0877 0.042
 0.9094 0.588  0.4216 0.6361 0.5283 0.3456 0.4758 0.1145 0.1874 0.77
 0.7814 0.6216 0.4796 0.6121 0.194  0.5439 0.9855 0.9065 0.2847 0.449 ]
Group 1: [0.0828 0.2609 0.3418 0.7694 0.3412 0.1082 0.7267 0.3937 0.9125 0.4498
 0.4926 0.4507 0.7549 0.4804 0.9952 0.2596 0.6837 0.3814 0.1919 0.7021
 0.0326 0.7124 0.7743 0.6505 0.5026 0.2457 0.1632 0.5558 0.7783 0.5962
 0.3314 0.2627 0.6119 0.8726 0.2598 0.3014 0.984  0.5151 0.2556 0.1783
 0.8531 0.1546 0.7181 0.9352 0.8243 0.8657 0.3881 0.4132 0.697  0.8784
 0.2488 0.3389 0.4006 0.6836 0.1815 0.9473 0.0577 0.3768 0.1204 0.0491
 0.7358 0.2327 0.7143 0.74   0.2581 0.5809 0.2793 0.2041 0.0981 0.68
 0.4614 0.7414 0.4594 0.4205 0.0508 0.6904 0.7919 0.3622 0.7828 0.9478
 0.4478 0.1021 0.8923 0.4367 0.4388 0.0619 0.0723 0.9218 0.1905 0.5447
 0.0989 0.4982 0.5335 0.3525 0.8067 0.376  0.6092 0.2888 0.7958 0.0505
 0.4624 0.5459 0.0431 0.0466 0.8004 0.4659 0.9583 0.7508 0.3851 0.8528
 0.2967 0.1564 0.5397 0.8844 0.1941 0.3018 0.1217 0.8264 0.5557 0.8549
 0.1979 0.8678 0.661  0.783  0.5872 0.1575 0.103  0.5292 0.2678 0.8324
 0.1515 0.8094 0.8273 0.8716 0.682  0.5246 0.0813 0.588  0.866  0.44
 0.0737 0.1786 0.4896 0.7802 0.9349 0.1417 0.1344 0.6373 0.4388 0.1517
 0.1489 0.9014 0.9083 0.4262 0.4525 0.2919 0.1622 0.3616 0.5306 0.3442
 0.3971 0.3276 0.4494 0.0542 0.0997 0.078  0.3532 0.4366 0.1577 0.0464
 0.5395 0.4845 0.2661 0.9683 0.4031 0.1744 0.6428 0.7838 0.3794 0.5672
 0.8672 0.2949 0.8314 0.3158 0.3826 0.3068 0.6358 0.7925 0.8628 0.6261
 0.8585 0.71   0.4843 0.0808 0.4821 0.2708 0.0951 0.6881 0.1056 0.6083]
Group 2: [0.5063 0.8933 0.2304 0.3634 0.7043 0.5833 0.1516 0.0443 0.7245 0.8563
 0.3502 0.4096 0.5487 0.4302 0.8318 0.0778 0.9821 0.3513 0.7996 0.3067
 0.5911 0.7818 0.4599 0.6529 0.3871 0.2378 0.9399 0.6067 0.0746 0.3189
 0.9583 0.2413 0.9842 0.7164 0.8962 0.0392 0.0909 0.1971 0.4724 0.5644
 0.7827 0.157  0.068  0.3493 0.5787 0.5974 0.2614 0.9724 0.8784 0.0798
 0.0066 0.0098 0.411  0.2185 0.6711 0.0031 0.5779 0.8973 0.6787 0.7279
 0.1283 0.3647 0.8907 0.8885 0.2416 0.1836 0.4079 0.2982 0.1272 0.509
 0.7993 0.5989 0.6783 0.6808 0.4747 0.0726 0.7764 0.25   0.076  0.1518
 0.6334 0.5549 0.1497 0.1345 0.474  0.6708 0.8088 0.8646 0.4281 0.7697
 0.686  0.1535 0.585  0.0917 0.934  0.2913 0.921  0.1708 0.2214 0.4975
 0.8311 0.7193 0.6728 0.9708 0.1757 0.2755 0.5806 0.201  0.8799 0.596
 0.6513 0.8844 0.1302 0.8379 0.3877 0.6149 0.3483 0.9187 0.6081 0.0938
 0.9392 0.6365 0.4501 0.3822 0.3347 0.4862 0.5964 0.5827 0.659  0.5502
 0.8554 0.0948 0.3496 0.6528 0.6007 0.3096 0.7129 0.3983 0.2113 0.095
 0.0029 0.9057 0.283  0.4228 0.9985 0.9338 0.3358 0.8085 0.295  0.6309
 0.6774 0.0351 0.6924 0.69   0.0437 0.3299 0.602  0.4142 0.4427 0.5933
 0.4272 0.8778 0.4129 0.9089 0.3539 0.002  0.1918 0.2029 0.2165 0.5913
 0.5997 0.3292 0.989  0.9994 0.3634 0.0491 0.5769 0.7889 0.7166 0.0207
 0.781  0.6113 0.7533 0.7418 0.384  0.7604 0.8864 0.8536 0.9418 0.06
 0.5772 0.171  0.0955 0.9753 0.1556 0.2388 0.0138 0.2141 0.0045 0.1227]
Group 3: [0.3052 0.1801 0.726  0.488  0.8507 0.9702 0.7498 0.2553 0.7956 0.682
 0.0105 0.8308 0.3641 0.7045 0.0544 0.0987 0.3263 0.44   0.1976 0.4553
 0.138  0.8628 0.5612 0.0341 0.1106 0.4291 0.1742 0.458  0.1748 0.6165
 0.2165 0.5882 0.3086 0.38   0.9365 0.0201 0.8245 0.572  0.8012 0.3791
 0.0843 0.0079 0.1025 0.8188 0.6623 0.4095 0.9951 0.0493 0.2242 0.2795
 0.1777 0.6959 0.908  0.2049 0.1791 0.5731 0.5641 0.3078 0.5817 0.2035
 0.1223 0.0022 0.1939 0.3089 0.0987 0.7358 0.9531 0.1034 0.2452 0.5796
 0.4305 0.2141 0.3634 0.9866 0.201  0.4827 0.0626 0.7548 0.0702 0.8356
 0.686  0.1727 0.731  0.6737 0.9735 0.7111 0.976  0.1879 0.0715 0.7287
 0.3048 0.7852 0.7655 0.4919 0.4899 0.192  0.8551 0.1051 0.6878 0.2675]

ravel_B3_groups:
Group 0: [0.6676 0.8381 0.5221 0.5988 0.3655 0.2328 0.315  0.2368 0.3338 0.0415
 0.7659 0.7804 0.7553 0.6032 0.9712 0.434  0.4954 0.3262 0.4381 0.3297
 0.123  0.7607 0.6642 0.9792 0.0555 0.4309 0.8227 0.876  0.7122 0.9994
 0.6497 0.8407 0.4431 0.6972 0.7961 0.2747 0.3823 0.75   0.8543 0.9915
 0.9194 0.2834 0.26   0.0183 0.9899 0.6347 0.9162 0.5443 0.6956 0.2504
 0.8598 0.1793 0.432  0.8141 0.7521 0.9768 0.7847 0.7878 0.9585 0.8168
 0.1309 0.1166 0.7662 0.6476 0.9545 0.1884 0.1439 0.04   0.9775 0.1245
 0.293  0.7529 0.5818 0.5879 0.5098 0.3579 0.6795 0.389  0.8475 0.6987
 0.6491 0.7761 0.8195 0.6016 0.1927 0.6052 0.7028 0.5382 0.6214 0.729
 0.0156 0.9884 0.1564 0.7793 0.5944 0.9274 0.8472 0.8094 0.457  0.447 ]
Group 1: [0.0159 0.2273 0.1597 0.298  0.3662 0.4672 0.8843 0.4425 0.8047 0.1848
 0.5774 0.179  0.9341 0.2492 0.4097 0.8311 0.4833 0.5787 0.6294 0.8437
 0.1259 0.6695 0.9354 0.4754 0.6885 0.3473 0.404  0.7539 0.2334 0.1567
 0.9572 0.8226 0.0145 0.843  0.5473 0.3905 0.8155 0.5472 0.9467 0.2691
 0.7972 0.3394 0.6856 0.6629 0.624  0.8521 0.6517 0.5554 0.3575 0.5005
 0.121  0.1849 0.0948 0.5599 0.5386 0.5526 0.0101 0.5968 0.5476 0.0437
 0.7974 0.4543 0.891  0.567  0.3928 0.5427 0.6194 0.4831 0.3863 0.6558
 0.3841 0.7034 0.8788 0.1121 0.3898 0.9984 0.9679 0.1285 0.3525 0.3747
 0.0727 0.8862 0.8529 0.913  0.0737 0.5076 0.0381 0.7896 0.12   0.2225
 0.4435 0.0802 0.3379 0.9918 0.3605 0.9997 0.6485 0.6195 0.2252 0.5447]
Group 2: [0.1602 0.3884 0.6097 0.9205 0.0145 0.7311 0.0276 0.5075 0.4828 0.5479
 0.7257 0.3884 0.2686 0.8499 0.1166 0.9964 0.1461 0.5588 0.8067 0.3013
 0.1742 0.2808 0.745  0.2303 0.1462 0.1999 0.2564 0.6956 0.7307 0.9869
 0.5413 0.7309 0.0108 0.2612 0.6096 0.7761 0.255  0.3797 0.2131 0.0465
 0.2448 0.099  0.779  0.6427 0.8803 0.1974 0.9678 0.9004 0.1702 0.2037
 0.9738 0.6609 0.4704 0.7457 0.7454 0.5739 0.9294 0.7456 0.7015 0.7162
 0.5204 0.3156 0.2606 0.9868 0.7716 0.9346 0.2986 0.566  0.0012 0.4052
 0.9101 0.4871 0.281  0.9084 0.8131 0.7035 0.0073 0.2917 0.9841 0.4599
 0.7464 0.9616 0.6831 0.365  0.6725 0.6998 0.5138 0.4606 0.0051 0.6618
 0.9233 0.0361 0.7006 0.0198 0.3189 0.1966 0.0448 0.3776 0.1002 0.1779]
Beat 0: 
Size of B3 group data = 100
Size of A3 group data = 100
Beat 1: 
Size of B3 group data = 100
Size of A3 group data = 200
Beat 2: 
Size of B3 group data = 100
Size of A3 group data = 200
Beat 3: 
Size of A3 group data = 100
RPC_SYNC DONE
C transfer done
[[ 7.6460447  7.5611167  7.9577875  8.720119   7.077322   8.186911
   7.261572   7.77224    6.873339   6.301622 ]
 [ 7.073573   7.086112   7.8824215  8.819355   8.139299   8.598325
   7.440982   7.9878616  6.8355184  6.5636425]
 [ 7.762429   8.17069    8.633363  10.374213   8.265292   9.187045
   6.9947133  8.383044   8.521439   7.133696 ]
 [ 8.324597   8.54107    8.792199   8.75767    8.333778   8.583297
   8.553211   8.800793   8.51388    7.54659  ]
 [ 8.499624   8.956409   8.221003  10.900987   9.124721  10.367795
   9.181855   9.533151   8.821281   7.2851186]
 [ 6.2275085  5.51511    5.6502957  6.336964   6.6221895  6.342922
   5.4293556  6.067222   5.8552     4.9138365]
 [ 6.674226   6.6331887  6.5841837  7.7493343  7.107161   7.066495
   6.5193143  7.189005   7.5836306  5.7669644]
 [ 6.117716   6.776734   7.550716   8.786321   6.3739123  8.014224
   5.9706025  7.3157854  6.688093   5.9795074]
 [ 7.766082   7.675197   7.626656   8.9542055  8.142375   8.68162
   7.3550315  7.603304   7.243375   6.0895224]
 [ 6.89068    7.3724437  8.953799   9.37479    8.0297165  7.759263
   7.0078497  8.09522    7.4427996  6.81964  ]
 [ 8.561232   8.549779   9.160936   9.889728   9.637458   9.493676
   9.182482   9.403669   8.69267    7.276746 ]
 [ 6.765138   7.763762   6.6834373  7.859251   6.450713   8.433572
   7.0103083  7.3705616  7.8692546  6.523699 ]
 [ 6.9559035  7.429633   7.4878154  8.234796   6.935817   8.305074
   7.3959265  7.920934   7.9026966  6.812776 ]
 [ 8.119098   8.115607   7.8648314  9.120653   8.382307   8.715729
   8.530834   8.512258   7.9926205  7.328634 ]
 [ 7.007226   6.3137255  6.839991   7.396895   7.5815825  8.333383
   7.3256197  7.41182    6.192193   6.160151 ]
 [ 6.7105103  7.408416   7.112559   8.298668   6.6670732  7.659084
   7.222765   7.6649885  7.259528   6.706779 ]
 [ 5.5404377  4.8567467  5.259031   6.0422077  5.2329397  5.742614
   5.324452   5.2710824  4.869996   4.5984864]
 [ 7.767644   8.675506   8.050683   8.378151   8.035158   7.8954782
   7.3092203  7.6438904  8.31548    6.3096375]
 [ 8.374318   9.584685  10.438713  10.892156   9.062906  10.0471
   9.554008  10.211461   9.243226   8.05898  ]
 [ 6.1777415  6.5684943  5.323535   7.0889087  6.2142744  6.7920914
   6.3217177  6.3483076  6.236875   5.107858 ]]
[[ 8.102749   7.769936   8.560501   9.206773   7.7521696 10.33316
   7.709729   8.106281   7.4997344  7.568924 ]
 [ 7.245565   7.982775   6.7125278  9.255184   7.609501   8.940151
   6.8926263  7.458144   7.7254024  5.965085 ]
 [ 8.513846   8.289453   9.021897  10.390437   8.545695   9.49334
   7.7080812  8.517274   8.945965   7.886968 ]
 [ 8.297495   8.983287   8.687888   9.9815855  8.946024   9.812769
   8.520518   9.2335825  8.489519   7.434798 ]
 [ 8.756168   7.930454   7.748083   9.258546   8.47283    9.012551
   8.555564   8.589163   8.037293   6.578934 ]
 [ 6.6103315  6.504384   7.194452   7.1727     6.4692755  7.745626
   5.822585   7.0263343  6.1750946  6.1905904]
 [ 5.8604217  5.9455132  6.313578   6.35306    5.802524   6.2612305
   5.2434196  5.852698   6.3225117  4.9437795]
 [ 7.2264657  7.8567567  7.496163   8.453704   7.1077867  8.228238
   6.8161197  6.928452   7.328799   6.470168 ]
 [ 8.552364   9.688782   9.193298  10.826218   9.238324  10.73073
   8.53737    9.492212   8.614207   7.7929397]
 [ 5.633887   6.551174   6.8002834  7.354639   6.869804   7.4583497
   6.629787   6.1958833  7.355707   5.603158 ]
 [ 7.685953   7.3408003  8.49129    9.233069   8.213052   8.756637
   7.7115364  8.881839   7.569978   7.6002216]
 [ 7.3585644  7.4166675  7.4605203  8.150475   7.275066   8.260615
   6.948233   7.4580607  7.415804   6.0950794]
 [ 7.4842715  7.1107063  7.615963   7.804051   6.640561   8.011924
   7.569022   7.481458   8.034841   7.206306 ]
 [ 6.994819   7.2570486  7.8801494  9.265195   8.345327   8.054463
   7.401772   8.067257   7.641442   6.37877  ]
 [ 7.2142067  8.31877    7.414906   8.899767   8.250291   9.043812
   8.635975   8.445189   7.5817847  6.5947604]
 [ 6.677228   6.281356   6.924024   7.579551   5.964677   7.683513
   6.230197   6.856357   6.062615   6.581908 ]
 [ 6.481436   6.594257   5.992973   7.6012836  6.647969   6.810349
   6.4923406  6.8975058  5.9673257  5.690222 ]
 [ 7.73371    7.699005   7.7491727  8.49052    7.8471875  8.245362
   7.4414144  7.5637474  8.382859   6.6071124]
 [ 6.9887137  7.2729473  8.30249    9.05816    7.4181433  9.0616045
   8.31145    8.740136   7.2586803  7.4002433]
 [ 7.192612   6.387254   7.756501   8.054781   7.3296723  8.269731
   7.1610556  7.614352   6.9293427  6.5983896]]