A matrix: 

[[  1.   2.   3.   4.   5.   6.   7.   8.   9.  10.  11.  12.  13.  14.
   15.  16.  17.  18.  19.  20.  21.  22.  23.  24.  25.  26.  27.  28.
   29.  30.]
 [ 31.  32.  33.  34.  35.  36.  37.  38.  39.  40.  41.  42.  43.  44.
   45.  46.  47.  48.  49.  50.  51.  52.  53.  54.  55.  56.  57.  58.
   59.  60.]
 [ 61.  62.  63.  64.  65.  66.  67.  68.  69.  70.  71.  72.  73.  74.
   75.  76.  77.  78.  79.  80.  81.  82.  83.  84.  85.  86.  87.  88.
   89.  90.]
 [ 91.  92.  93.  94.  95.  96.  97.  98.  99. 100. 101. 102. 103. 104.
  105. 106. 107. 108. 109. 110. 111. 112. 113. 114. 115. 116. 117. 118.
  119. 120.]
 [121. 122. 123. 124. 125. 126. 127. 128. 129. 130. 131. 132. 133. 134.
  135. 136. 137. 138. 139. 140. 141. 142. 143. 144. 145. 146. 147. 148.
  149. 150.]
 [151. 152. 153. 154. 155. 156. 157. 158. 159. 160. 161. 162. 163. 164.
  165. 166. 167. 168. 169. 170. 171. 172. 173. 174. 175. 176. 177. 178.
  179. 180.]
 [181. 182. 183. 184. 185. 186. 187. 188. 189. 190. 191. 192. 193. 194.
  195. 196. 197. 198. 199. 200. 201. 202. 203. 204. 205. 206. 207. 208.
  209. 210.]
 [211. 212. 213. 214. 215. 216. 217. 218. 219. 220. 221. 222. 223. 224.
  225. 226. 227. 228. 229. 230. 231. 232. 233. 234. 235. 236. 237. 238.
  239. 240.]
 [241. 242. 243. 244. 245. 246. 247. 248. 249. 250. 251. 252. 253. 254.
  255. 256. 257. 258. 259. 260. 261. 262. 263. 264. 265. 266. 267. 268.
  269. 270.]
 [271. 272. 273. 274. 275. 276. 277. 278. 279. 280. 281. 282. 283. 284.
  285. 286. 287. 288. 289. 290. 291. 292. 293. 294. 295. 296. 297. 298.
  299. 300.]
 [301. 302. 303. 304. 305. 306. 307. 308. 309. 310. 311. 312. 313. 314.
  315. 316. 317. 318. 319. 320. 321. 322. 323. 324. 325. 326. 327. 328.
  329. 330.]
 [331. 332. 333. 334. 335. 336. 337. 338. 339. 340. 341. 342. 343. 344.
  345. 346. 347. 348. 349. 350. 351. 352. 353. 354. 355. 356. 357. 358.
  359. 360.]
 [361. 362. 363. 364. 365. 366. 367. 368. 369. 370. 371. 372. 373. 374.
  375. 376. 377. 378. 379. 380. 381. 382. 383. 384. 385. 386. 387. 388.
  389. 390.]
 [391. 392. 393. 394. 395. 396. 397. 398. 399. 400. 401. 402. 403. 404.
  405. 406. 407. 408. 409. 410. 411. 412. 413. 414. 415. 416. 417. 418.
  419. 420.]
 [421. 422. 423. 424. 425. 426. 427. 428. 429. 430. 431. 432. 433. 434.
  435. 436. 437. 438. 439. 440. 441. 442. 443. 444. 445. 446. 447. 448.
  449. 450.]
 [451. 452. 453. 454. 455. 456. 457. 458. 459. 460. 461. 462. 463. 464.
  465. 466. 467. 468. 469. 470. 471. 472. 473. 474. 475. 476. 477. 478.
  479. 480.]
 [481. 482. 483. 484. 485. 486. 487. 488. 489. 490. 491. 492. 493. 494.
  495. 496. 497. 498. 499. 500. 501. 502. 503. 504. 505. 506. 507. 508.
  509. 510.]
 [511. 512. 513. 514. 515. 516. 517. 518. 519. 520. 521. 522. 523. 524.
  525. 526. 527. 528. 529. 530. 531. 532. 533. 534. 535. 536. 537. 538.
  539. 540.]
 [541. 542. 543. 544. 545. 546. 547. 548. 549. 550. 551. 552. 553. 554.
  555. 556. 557. 558. 559. 560. 561. 562. 563. 564. 565. 566. 567. 568.
  569. 570.]
 [571. 572. 573. 574. 575. 576. 577. 578. 579. 580. 581. 582. 583. 584.
  585. 586. 587. 588. 589. 590. 591. 592. 593. 594. 595. 596. 597. 598.
  599. 600.]]
B matrix: 

[[  1.   2.   3.   4.   5.   6.   7.   8.   9.  10.]
 [ 11.  12.  13.  14.  15.  16.  17.  18.  19.  20.]
 [ 21.  22.  23.  24.  25.  26.  27.  28.  29.  30.]
 [ 31.  32.  33.  34.  35.  36.  37.  38.  39.  40.]
 [ 41.  42.  43.  44.  45.  46.  47.  48.  49.  50.]
 [ 51.  52.  53.  54.  55.  56.  57.  58.  59.  60.]
 [ 61.  62.  63.  64.  65.  66.  67.  68.  69.  70.]
 [ 71.  72.  73.  74.  75.  76.  77.  78.  79.  80.]
 [ 81.  82.  83.  84.  85.  86.  87.  88.  89.  90.]
 [ 91.  92.  93.  94.  95.  96.  97.  98.  99. 100.]
 [101. 102. 103. 104. 105. 106. 107. 108. 109. 110.]
 [111. 112. 113. 114. 115. 116. 117. 118. 119. 120.]
 [121. 122. 123. 124. 125. 126. 127. 128. 129. 130.]
 [131. 132. 133. 134. 135. 136. 137. 138. 139. 140.]
 [141. 142. 143. 144. 145. 146. 147. 148. 149. 150.]
 [151. 152. 153. 154. 155. 156. 157. 158. 159. 160.]
 [161. 162. 163. 164. 165. 166. 167. 168. 169. 170.]
 [171. 172. 173. 174. 175. 176. 177. 178. 179. 180.]
 [181. 182. 183. 184. 185. 186. 187. 188. 189. 190.]
 [191. 192. 193. 194. 195. 196. 197. 198. 199. 200.]
 [201. 202. 203. 204. 205. 206. 207. 208. 209. 210.]
 [211. 212. 213. 214. 215. 216. 217. 218. 219. 220.]
 [221. 222. 223. 224. 225. 226. 227. 228. 229. 230.]
 [231. 232. 233. 234. 235. 236. 237. 238. 239. 240.]
 [241. 242. 243. 244. 245. 246. 247. 248. 249. 250.]
 [251. 252. 253. 254. 255. 256. 257. 258. 259. 260.]
 [261. 262. 263. 264. 265. 266. 267. 268. 269. 270.]
 [271. 272. 273. 274. 275. 276. 277. 278. 279. 280.]
 [281. 282. 283. 284. 285. 286. 287. 288. 289. 290.]
 [291. 292. 293. 294. 295. 296. 297. 298. 299. 300.]]

ravel_A3_groups:
Group 0: [  1.   2.   3.   4.   5.   6.   7.   8.   9.  10.  31.  32.  33.  34.
  35.  36.  37.  38.  39.  40.  61.  62.  63.  64.  65.  66.  67.  68.
  69.  70.  91.  92.  93.  94.  95.  96.  97.  98.  99. 100. 121. 122.
 123. 124. 125. 126. 127. 128. 129. 130. 151. 152. 153. 154. 155. 156.
 157. 158. 159. 160. 181. 182. 183. 184. 185. 186. 187. 188. 189. 190.
 211. 212. 213. 214. 215. 216. 217. 218. 219. 220. 241. 242. 243. 244.
 245. 246. 247. 248. 249. 250. 271. 272. 273. 274. 275. 276. 277. 278.
 279. 280.]
Group 1: [ 11.  12.  13.  14.  15.  16.  17.  18.  19.  20.  41.  42.  43.  44.
  45.  46.  47.  48.  49.  50.  71.  72.  73.  74.  75.  76.  77.  78.
  79.  80. 101. 102. 103. 104. 105. 106. 107. 108. 109. 110. 131. 132.
 133. 134. 135. 136. 137. 138. 139. 140. 161. 162. 163. 164. 165. 166.
 167. 168. 169. 170. 191. 192. 193. 194. 195. 196. 197. 198. 199. 200.
 221. 222. 223. 224. 225. 226. 227. 228. 229. 230. 251. 252. 253. 254.
 255. 256. 257. 258. 259. 260. 281. 282. 283. 284. 285. 286. 287. 288.
 289. 290. 301. 302. 303. 304. 305. 306. 307. 308. 309. 310. 331. 332.
 333. 334. 335. 336. 337. 338. 339. 340. 361. 362. 363. 364. 365. 366.
 367. 368. 369. 370. 391. 392. 393. 394. 395. 396. 397. 398. 399. 400.
 421. 422. 423. 424. 425. 426. 427. 428. 429. 430. 451. 452. 453. 454.
 455. 456. 457. 458. 459. 460. 481. 482. 483. 484. 485. 486. 487. 488.
 489. 490. 511. 512. 513. 514. 515. 516. 517. 518. 519. 520. 541. 542.
 543. 544. 545. 546. 547. 548. 549. 550. 571. 572. 573. 574. 575. 576.
 577. 578. 579. 580.]
Group 2: [ 21.  22.  23.  24.  25.  26.  27.  28.  29.  30.  51.  52.  53.  54.
  55.  56.  57.  58.  59.  60.  81.  82.  83.  84.  85.  86.  87.  88.
  89.  90. 111. 112. 113. 114. 115. 116. 117. 118. 119. 120. 141. 142.
 143. 144. 145. 146. 147. 148. 149. 150. 171. 172. 173. 174. 175. 176.
 177. 178. 179. 180. 201. 202. 203. 204. 205. 206. 207. 208. 209. 210.
 231. 232. 233. 234. 235. 236. 237. 238. 239. 240. 261. 262. 263. 264.
 265. 266. 267. 268. 269. 270. 291. 292. 293. 294. 295. 296. 297. 298.
 299. 300. 311. 312. 313. 314. 315. 316. 317. 318. 319. 320. 341. 342.
 343. 344. 345. 346. 347. 348. 349. 350. 371. 372. 373. 374. 375. 376.
 377. 378. 379. 380. 401. 402. 403. 404. 405. 406. 407. 408. 409. 410.
 431. 432. 433. 434. 435. 436. 437. 438. 439. 440. 461. 462. 463. 464.
 465. 466. 467. 468. 469. 470. 491. 492. 493. 494. 495. 496. 497. 498.
 499. 500. 521. 522. 523. 524. 525. 526. 527. 528. 529. 530. 551. 552.
 553. 554. 555. 556. 557. 558. 559. 560. 581. 582. 583. 584. 585. 586.
 587. 588. 589. 590.]
Group 3: [321. 322. 323. 324. 325. 326. 327. 328. 329. 330. 351. 352. 353. 354.
 355. 356. 357. 358. 359. 360. 381. 382. 383. 384. 385. 386. 387. 388.
 389. 390. 411. 412. 413. 414. 415. 416. 417. 418. 419. 420. 441. 442.
 443. 444. 445. 446. 447. 448. 449. 450. 471. 472. 473. 474. 475. 476.
 477. 478. 479. 480. 501. 502. 503. 504. 505. 506. 507. 508. 509. 510.
 531. 532. 533. 534. 535. 536. 537. 538. 539. 540. 561. 562. 563. 564.
 565. 566. 567. 568. 569. 570. 591. 592. 593. 594. 595. 596. 597. 598.
 599. 600.]

ravel_B3_groups:
Group 0: [  1.   2.   3.   4.   5.   6.   7.   8.   9.  10.  11.  12.  13.  14.
  15.  16.  17.  18.  19.  20.  21.  22.  23.  24.  25.  26.  27.  28.
  29.  30.  31.  32.  33.  34.  35.  36.  37.  38.  39.  40.  41.  42.
  43.  44.  45.  46.  47.  48.  49.  50.  51.  52.  53.  54.  55.  56.
  57.  58.  59.  60.  61.  62.  63.  64.  65.  66.  67.  68.  69.  70.
  71.  72.  73.  74.  75.  76.  77.  78.  79.  80.  81.  82.  83.  84.
  85.  86.  87.  88.  89.  90.  91.  92.  93.  94.  95.  96.  97.  98.
  99. 100.]
Group 1: [101. 102. 103. 104. 105. 106. 107. 108. 109. 110. 111. 112. 113. 114.
 115. 116. 117. 118. 119. 120. 121. 122. 123. 124. 125. 126. 127. 128.
 129. 130. 131. 132. 133. 134. 135. 136. 137. 138. 139. 140. 141. 142.
 143. 144. 145. 146. 147. 148. 149. 150. 151. 152. 153. 154. 155. 156.
 157. 158. 159. 160. 161. 162. 163. 164. 165. 166. 167. 168. 169. 170.
 171. 172. 173. 174. 175. 176. 177. 178. 179. 180. 181. 182. 183. 184.
 185. 186. 187. 188. 189. 190. 191. 192. 193. 194. 195. 196. 197. 198.
 199. 200.]
Group 2: [201. 202. 203. 204. 205. 206. 207. 208. 209. 210. 211. 212. 213. 214.
 215. 216. 217. 218. 219. 220. 221. 222. 223. 224. 225. 226. 227. 228.
 229. 230. 231. 232. 233. 234. 235. 236. 237. 238. 239. 240. 241. 242.
 243. 244. 245. 246. 247. 248. 249. 250. 251. 252. 253. 254. 255. 256.
 257. 258. 259. 260. 261. 262. 263. 264. 265. 266. 267. 268. 269. 270.
 271. 272. 273. 274. 275. 276. 277. 278. 279. 280. 281. 282. 283. 284.
 285. 286. 287. 288. 289. 290. 291. 292. 293. 294. 295. 296. 297. 298.
 299. 300.]
Beat 0: 
Size of B3 group data = 100
Size of A3 group data = 100
Beat 1: 
Size of B3 group data = 100
Size of A3 group data = 200
Beat 2: 
Size of B3 group data = 100
Size of A3 group data = 200
Beat 3: 
Size of A3 group data = 100
RPC_SYNC DONE
C transfer done
[[  90365.   90830.   91295.   91760.   92225.   92690.   93155.   93620.
    94085.   94550.]
 [ 221765.  223130.  224495.  225860.  227225.  228590.  229955.  231320.
   232685.  234050.]
 [ 353165.  355430.  357695.  359960.  362225.  364490.  366755.  369020.
   371285.  373550.]
 [ 484565.  487730.  490895.  494060.  497225.  500390.  503555.  506720.
   509885.  513050.]
 [ 615965.  620030.  624095.  628160.  632225.  636290.  640355.  644420.
   648485.  652550.]
 [ 747365.  752330.  757295.  762260.  767225.  772190.  777155.  782120.
   787085.  792050.]
 [ 878765.  884630.  890495.  896360.  902225.  908090.  913955.  919820.
   925685.  931550.]
 [1010165. 1016930. 1023695. 1030460. 1037225. 1043990. 1050755. 1057520.
  1064285. 1071050.]
 [1141565. 1149230. 1156895. 1164560. 1172225. 1179890. 1187555. 1195220.
  1202885. 1210550.]
 [1272965. 1281530. 1290095. 1298660. 1307225. 1315790. 1324355. 1332920.
  1341485. 1350050.]
 [1404365. 1413830. 1423295. 1432760. 1442225. 1451690. 1461155. 1470620.
  1480085. 1489550.]
 [1535765. 1546130. 1556495. 1566860. 1577225. 1587590. 1597955. 1608320.
  1618685. 1629050.]
 [1667165. 1678430. 1689695. 1700960. 1712225. 1723490. 1734755. 1746020.
  1757285. 1768550.]
 [1798565. 1810730. 1822895. 1835060. 1847225. 1859390. 1871555. 1883720.
  1895885. 1908050.]
 [1929965. 1943030. 1956095. 1969160. 1982225. 1995290. 2008355. 2021420.
  2034485. 2047550.]
 [2061365. 2075330. 2089295. 2103260. 2117225. 2131190. 2145155. 2159120.
  2173085. 2187050.]
 [2192765. 2207630. 2222495. 2237360. 2252225. 2267090. 2281955. 2296820.
  2311685. 2326550.]
 [2324165. 2339930. 2355695. 2371460. 2387225. 2402990. 2418755. 2434520.
  2450285. 2466050.]
 [2455565. 2472230. 2488895. 2505560. 2522225. 2538890. 2555555. 2572220.
  2588885. 2605550.]
 [2586965. 2604530. 2622095. 2639660. 2657225. 2674790. 2692355. 2709920.
  2727485. 2745050.]]
[[  90365.   90830.   91295.   91760.   92225.   92690.   93155.   93620.
    94085.   94550.]
 [ 221765.  223130.  224495.  225860.  227225.  228590.  229955.  231320.
   232685.  234050.]
 [ 353165.  355430.  357695.  359960.  362225.  364490.  366755.  369020.
   371285.  373550.]
 [ 484565.  487730.  490895.  494060.  497225.  500390.  503555.  506720.
   509885.  513050.]
 [ 615965.  620030.  624095.  628160.  632225.  636290.  640355.  644420.
   648485.  652550.]
 [ 747365.  752330.  757295.  762260.  767225.  772190.  777155.  782120.
   787085.  792050.]
 [ 878765.  884630.  890495.  896360.  902225.  908090.  913955.  919820.
   925685.  931550.]
 [1010165. 1016930. 1023695. 1030460. 1037225. 1043990. 1050755. 1057520.
  1064285. 1071050.]
 [1141565. 1149230. 1156895. 1164560. 1172225. 1179890. 1187555. 1195220.
  1202885. 1210550.]
 [1272965. 1281530. 1290095. 1298660. 1307225. 1315790. 1324355. 1332920.
  1341485. 1350050.]
 [1404365. 1413830. 1423295. 1432760. 1442225. 1451690. 1461155. 1470620.
  1480085. 1489550.]
 [1535765. 1546130. 1556495. 1566860. 1577225. 1587590. 1597955. 1608320.
  1618685. 1629050.]
 [1667165. 1678430. 1689695. 1700960. 1712225. 1723490. 1734755. 1746020.
  1757285. 1768550.]
 [1798565. 1810730. 1822895. 1835060. 1847225. 1859390. 1871555. 1883720.
  1895885. 1908050.]
 [1929965. 1943030. 1956095. 1969160. 1982225. 1995290. 2008355. 2021420.
  2034485. 2047550.]
 [2061365. 2075330. 2089295. 2103260. 2117225. 2131190. 2145155. 2159120.
  2173085. 2187050.]
 [2192765. 2207630. 2222495. 2237360. 2252225. 2267090. 2281955. 2296820.
  2311685. 2326550.]
 [2324165. 2339930. 2355695. 2371460. 2387225. 2402990. 2418755. 2434520.
  2450285. 2466050.]
 [2455565. 2472230. 2488895. 2505560. 2522225. 2538890. 2555555. 2572220.
  2588885. 2605550.]
 [2586965. 2604530. 2622095. 2639660. 2657225. 2674790. 2692355. 2709920.
  2727485. 2745050.]]
SUCCESS!